91
378
158
160
941
422
655
870
235
400
20
473
857
386
168
642
280
565
926
651
234
864
350
578
221
17
99
444
146
519
517
48
239
640
448
117
475
792
373
988
994
421
804
330
510
2
469
340
399
758
148
904
882
722
303
11
153
323
29
736
394
45
367
888
991
638
661
721
119
429
633
356
765
67
107
583
157
151
223
696
299
946
867
374
746
227
782
414
912
568
818
520
24
161
686
981
921
533
734
839
2058
2737
4864
2638
4340
3606
2918
1230
4608
3888
2677
3419
285
3808
3967
2005
3938
214
3017
213
2178
3110
657
1644
1265
4326
3716
3645
1795
712
1846
3272
2908
1516
734
3225
4609
999
2111
787
2352
1565
957
1447
4045
4
3328
4029
1514
3512
4740
4956
3219
602
3612
6
2815
992
1960
2757
4236
921
707
4424
4481
766
466
4213
2570
878
4287
2802
2959
3784
4432
3616
458
3437
2680
758
1268
1581
1530
2909
4227
4542
4790
3241
4521
4761
4411
4617
656
3466
3391
3308
1391
2695
1326
3214
2464
2953
1756
3420
3327
686
3609
4764
3850
193
4106
421
1655
2869
3671
529
1106
2168
3284
1038
4668
2379
1108
4567
2403
1123
2535
4666
1236
3484
4344
2438
1692
4968
942
71
3754
3286
2901
3422
3363
1299
3184
109
3197
2819
1208
3173
1217
1726
1050
3426
3492
4835
498
4331
1740
2496
4478
485
1200
813
3558
2508
1650
875
2175
2749
4267
2281
2316
3653
754
2264
2972
633
2532
4986
2751
1020
40
2640
464
4620
3048
4682
2128
2012
4416
3195
1954
3870
2895
2340
3451
2774
3367
399
4851
426
3040
3250
3585
1347
2727
1211
2504
1519
478
3350
1871
1158
4887
1857
3768
4067
2880
431
2038
4507
256
4496
3951
4262
3496
3629
3483
1010
4410
3885
1019
1397
1262
1800
4192
2732
307
2591
2558
242
1130
1024
360
4237
3294
3013
406
3778
4524
3723
3383
3302
3635
1635
1766
1883
4100
2766
3545
288
1460
4297
2607
2850
3295
3169
609
4897
4408
1808
1073
1412
144
2383
3283
2307
3341
3894
1548
1092
467
2198
3297
930
1792
1316
1780
3139
3685
4642
2760
953
1668
368
2905
1495
3324
2630
2290
1222
3683
2400
3546
286
2588
3264
46
1282
2656
4996
3913
4054
4701
20
4884
851
2551
1980
102
4526
3205
920
2310
4010
4181
3720
4920
3779
961
1443
4279
3436
3185
1967
2871
4355
1234
2413
3480
4553
1870
80
792
3854
858
3518
3693
1040
1842
4612
1544
517
4084
3228
3405
49
4265
3921
31
3532
2259
1402
1368
1047
1480
771
4987
2163
3157
3030
4170
1183
2358
1322
928
1647
504
3634
3464
4599
4583
4058
505
3551
527
1155
1597
737
855
2051
3799
3145
1456
4716
2568
4225
1254
2714
347
1965
2306
1348
3476
4134
1568
1731
3969
4193
4622
3964
3578
3080
978
3399
2672
2331
3762
3579
4322
465
612
631
3834
3680
4285
3505
4184
8
4035
2612
4760
3954
2621
2729
1415
1834
4984
3781
1591
2894
1608
4739
980
2720
3948
3699
1258
451
3304
126
373
4815
3849
1383
204
2671
821
4363
2964
4916
1576
4422
1593
1508
265
1469
4613
585
3312
3726
4299
2072
2387
1681
4904
1885
2463
4505
4276
338
1812
1247
2553
3816
4437
1663
899
4738
1940
2421
525
4053
2100
1033
497
2633
1034
2295
444
4445
879
3093
4932
3703
2781
1915
1448
2147
2703
4959
1970
2042
3855
4840
1515
3738
4557
1141
3985
4483
2987
2846
438
3260
2367
3440
706
1872
751
339
2397
2699
673
2550
3795
4434
775
81
4159
625
2080
654
716
1485
4849
681
2131
650
489
2804
1475
1656
832
4973
3301
4784
618
42
4871
2235
1600
3325
2294
4403
4477
2412
731
3386
1154
4114
3914
4830
4197
3417
1835
4392
481
2834
1291
1958
1414
1059
2044
4087
266
2380
4724
2527
2124
471
3498
4990
1393
2119
1294
2565
1895
3061
1331
496
3936
381
2973
819
4221
69
3848
3704
3661
2143
3947
606
614
1632
4088
3592
2320
2328
281
427
4286
4351
3619
4013
3116
2826
3224
1127
385
3413
3168
2291
2883
4570
4565
822
1446
2856
2831
4927
3468
4009
1168
3393
2448
1849
1452
3387
1104
2744
4241
2653
4052
1128
3375
3620
2582
3872
1162
3932
1791
967
4618
852
3641
4143
232
2472
4475
4414
2314
815
2542
3007
14
3427
3543
4679
1442
3187
4294
263
400
1036
2462
3133
2399
1345
2194
3031
4924
3024
986
2031
3355
2025
3412
550
584
358
4320
239
900
130
2022
3747
4697
3314
472
4131
3591
2209
947
3942
1971
1867
1194
2807
769
3813
2872
312
462
1013
4428
316
1375
2584
3414
2121
1560
3307
395
1173
651
1505
4579
3306
398
753
2949
2241
2197
1859
1824
2067
2839
4813
24
715
3182
390
1949
4753
1102
2611
713
2560
3889
3359
1113
4834
935
4509
4124
3740
279
10
228
4056
4017
4147
2587
724
1176
4571
2552
3186
15
4390
4420
387
4162
2479
1459
747
4129
1464
2158
2485
1202
3025
3667
2499
4723
868
2874
4441
4882
4104
4044
1823
1090
2841
4359
3743
3871
4988
4203
4606
2706
2103
4868
3587
3621
1521
671
1975
810
3698
1494
105
4486
1482
2674
1832
4214
4946
2284
4545
2093
2212
1710
2762
1953
1902
4498
28
1205
1296
3095
2190
1724
13
1520
1774
192
3257
477
4872
188
4474
3287
280
2866
205
2035
649
4758
2207
293
3065
619
3086
3453
2758
4146
3676
3379
2101
320
2094
1490
4433
1786
1742
2647
3542
970
4028
1411
4157
414
963
4149
2221
2946
647
1091
4944
3516
4654
2073
2791
2847
3062
1286
3213
3525
1974
4517
1474
1746
2689
897
2556
2436
1422
4667
1350
514
3867
1705
4795
1983
4776
2503
4921
3678
2040
3026
1167
4217
1999
3863
2803
3691
117
2544
1992
950
661
1049
2026
3500
4015
4782
3946
4066
3075
2739
490
66
4623
2151
1703
3077
1626
3710
2238
2575
3348
1075
1630
869
640
2247
1793
4318
424
4436
3488
3677
3719
578
1359
1413
4519
2289
4471
4979
4012
2139
662
1177
1517
4818
4683
2524
397
2097
4082
3319
3230
3694
836
1651
620
1621
1080
4244
1256
4136
415
55
785
865
4182
642
1492